-151
-245
-383
-114
-126
-142
-209
-170
-142
-191
-152
-114
-319
-126
-128
-138
-216
-142
-142
-218
-210
-114
-174
-156
-334
-174
-156
-152
-128
-170
-152
-114
-114
-184
-114
-128
-114
-114
-250
-154
-378
-198
-259
-233
-114
-142
-334
-114
-235
-114
-114
-156
-231
-247
-191
-142
-142
-128
-277
-114
-187
-126
-167
-114
-436
-114
-114
-170
-340
-152
-252
-184
-114
-114
-241
-182
-128
-340
-128
-218
-170
-126
-249
-114
-215
-322
-137
-287
-137
-114
-150
-114
-152
-114
-363
-128
-128
-114
-198
-329
-114
-125
-282
-114
-114
-263
-114
-184
-180
-261
-255
-198
-270
-170
-114
-279
-114
-244
-126
-161
-114
-114
-114
-241
-126
-213
-325
-198
-128
-142
-114
-182
-114
-150
-377
-150
-227
-165
-114
-282
-142
-114
-204
-324
-114
-512
-128
-182
-161
-114
-301
-198
-114
-114
-126
-128
-114
-114
-269
-262
-114
-114
-114
-178
-212
-126
-152
-156
-243
-156
-236
-280
-302
-306
-128
-125
-137
-227
-137
-114
-226
-114
-363
-250
-126
-424
-156
-128
-114
-200
-114
-114
-146
-114
-211
-142
-170
-318
-114
-142
-114
-273
-142
-114
-137
-206
-142
-128
-198
-267
-181
-261
-179
-186
-161
-142
-383
-198
-195
-114
-450
-128
-114
-114
-114
-152
-193
-128
-125
-153
-288
-150
-253
-184
-214
-273
-170
-226
-138
-128
-163
-184
-197
-170
-247
-157
-263
-156
-176
-276
-173
-240
-128
-168
-170
-153
-146
-312
-128
-114
-114
-114
-126
-114
-282
-251
-240
-114
-142
-205
-298
-184
-333
-174
-208
-173
-146
-233
-156
-162
-272
-114
-114
-242
-142
-198
-114
-114
-226
-170
-234
-114
-181
-156
-332
-341
-126
-279
-322
-114
-280
-114
-256
-149
-221
-114
-274
-215
-142
-156
-465
-114
-236
-137
-213
-114
-125
-142
-489
-128
-371
-149
-222
-167
-142
-265
-254
-114
-142
-114
-114
-186
-207
-363
-114
-204
-153
-170
-128
-480
-233
-234
-314
-307
-114
-184
-211
-137
-258
-338
-126
-198
-249
-142
-142
-175
-208
-308
-152
-228
-326
-142
-142
-541
-246
-156
-114
-178
-358
-161
-142
-170
-193
-177
-269
-126
-170
-114
-301
-323
-346
-185
-147
-126
-147
-155
-320
-114
-300
-147
-208
-161
-153
-446
-286
-185
-156
-205
-138
-225
-547
-170
-180
-225
-153
-114
-156
-214
-179
-154
-161
-305
-128
-140
-152
-128
-221
-114
-193
-306
-198
-128
-150
-256
-205
-209
-170
-156
-330
-296
-174
-204
-153
-125
-170
-209
-161
-182
-128
-170
-221
-149
-114
-153
-156
-211
-170
-270
-114
-128
-181
-153
-219
-206
-114
-261
-243
-235
-454
-178
-241
-114
-388
-253
-342
-174
-149
-202
-170
-114
-198
-164
-125
-176
-142
-268
-278
-142
-269
-223
-243
-128
-285
-198
-413
-194
-170
-168
-114
-436
-278
-166
-153
-153
-142
-320
-195
-114
-230
-128
-359
-114
-128
-430
-146
-128
-181
-280
-128
-256
-198
-125
-169
-128
-184
-293
-114
-257
-176
-202
-469
-114
-174
-142
-137
-114
-270
-220
-128
-185
-230
-288
-153
-278
-331
-194
-128
-114
-393
-114
-193
-142
-150
-309
-200
-216
-235
-156
-226
-128
-299
-205
-300
-142
-206
-178
-170
-508
-321
-137
-252
-326
-128
-390
-198
-544
-114
-248
-184
-218
-150
-179
-114
-250
-252
-252
-114
-244
-240
-114
-142
-149
-128
-215
-157
-530
-199
-128
-114
-176
-232
-114
-137
-241
-114
-302
-147
-189
-184
-228
-191
-114
-114
-114
-152
-142
-273
-201
-205
-180
-220
-114
-137
-405
-286
-153
-125
-215
-161
-155
-126
-252
-170
-207
-282
-152
-265
-245
-128
-167
-298
-184
-114
-179
-128
-151
-249
-182
-324
-139
-114
-126
-204
-273
-376
-210
-154
-261
-290
-266
-275
-114
-125
-150
-264
-114
-185
-184
-307
-114
-226
-126
-286
224
-167
-189
-199
-126
-142
-156
-154
-128
-175
-114
-290
-212
-255
-177
-166
-137
-142
-128
-155
-231
-234
-126
-156
-231
-153
-176
-145
-224
-206
-159
-193
-170
-114
-185
-114
-243
-153
-182
-128
-114
-128
-128
-219
-170
-218
-114
-231
-114
-303
-168
-172
-229
-125
-171
-179
-114
-221
-241
-142
-114
-142
-292
-366
-128
-184
-213
-128
-279
-201
-114
-114
-174
-178
-230
-128
-317
-345
-114
-241
-227
-172
-156
-185
-153
-114
-252
-465
-226
-114
-114
-156
-333
-128
-252
-128
-195
-189
-267
-328
-128
-126
-114
-265
-202
-126
-296
-263
-114
-114
-114
-145
-114
-206
-187
-166
-150
-157
-114
-114
-142
-151
-149
-166
-114
-224
-291
-142
-203
-114
-126
-114
-146
-474
-278
-153
-138
-290
-114
-146
-114
-114
-114
-197
-286
-114
-156
-149
-114
-114
-146
-152
-204
-215
-211
-157
-170
-146
-114
-114
-114
-126
-137
-114
-114
-163
-191
-142
-114
-166
222
-114
-172
-126
-238
-154
-194
-114
-233
-275
-149
-232
-221
-178
-197
-114
-297
-114
-114
-299
-202
-250
-114
-241
-142
-137
-253
-114
-189
-312
-176
-126
-289
-114
-234
-263
-151
-114
-153
-174
-165
-236
-209
-283
-197
-287
-367
-220
-114
-114
-179
-137
-114
-360
-114
-223
-126
-240
-114
-202
-514
-114
-140
-128
-238
-161
-244
-175
-214
-142
-221
-189
-125
-233
-175
-114
-241
-382
-153
-114
-164
-209
-176
-114
-248
-114
-341
-166
-114
-114
-195
-142
-171
-186
-114
-188
-266
-114
-114
-223
-146
-114
-114
-114
-150
-140
-168
-114
-140
-170
-198
-244
-114
-146
-125
-125
-337
98
-266
-114
-221
-149
-299
-114
-170
-125
-146
-114
-114
-114
-114
-181
-172
-237
-175
-220
-114
-205
-184
-128
-466
-174
-315
-257
-114
-114
-114
-263
-142
-355
-114
-142
-147
-114
-171
-114
172
-114
-114
-145
-157
-114
-229
-181
-114
-137
232
-125
-154
-165
-114
-128
-114
-227
-244
-156
-292
-142
-183
-142
-246
-211
-114
-170
-150
-169
-285
-221
-399
-138
-173
-178
-114
-114
-401
-228
-198
-126
-114
-114
-114
-114
-246
-169
-128
-125
-307
-178
-178
-146
-142
-128
-279
-199
-195
-230
-114
-114
-306
-170
-157
-245
-114
129
-183
-205
-220
-140
-175
-114
-168
-231
-128
-142
-114
-174
-114
-114
-142
-197
-150
-262
34
-114
-282
171
-258
-391
-190
-193
-297
-227
-154
-147
-156
180
-217
-150
-142
-114
-181
-114
-128
-142
-220
-233
-126
-166
-114
-224
-114
-260
-125
-128
-681
-302
-170
-149
-207
-142
-152
-251
-235
-114
-175
-128
-202
-126
-165
-204
-199
-205
-246
-226
-170
-114
-203
-202
-114
-114
-218
-205
-128
-221
-197
-156
-114
-209
-251
-114
-193
-165
-114
-128
-247
-114
-264
-140
-236
-184
160
-128
-167
-140
-114
-145
-204
-163
-523
-114
-222
-114
-114
-142
-114
-355
-114
-425
-114
-227
-179
-366
-179
-137
-170
-430
-142
-125
-162
-258
-142
-319
-350
-114
-265
-278
-161
-114
-152
-217
-146
-290
-114
-147
-149
-226
-383
-267
-223
-151
190
-128
-235
-142
-200
-170
-293
-208
-217
-200
-114
-255
-150
-125
-114
-150
-186
179
-114
-278
-114
-145
-192
-114
-182
-157
-152
-128
211
-206
-176
-202
-252
172
-157
-184
-210
-114
-175
-264
-164
-306
-240
-198
-182
-246
-214
-263
-114
-285
-128
-188
-169
-125
-178
-259
-236
-114
-193
-114
-154
-346
-126
-140
-114
219
-174
-281
-128
-307
-125
-153
-114
-139
-179
-114
-154
-114
-114
-452
-297
-114
-247
-188
-149
-188
-504
-173
-259
-114
-436
-114
-142
-114
-161
-114
-128
-114
-149
-248
-146
-323
-163
-128
-114
-177
141
-128
-235
-114
-227
-276
-114
-267
-195
-114
-232
-208
-191
-114
153
-276
-201
198
-138
-196
134
-190
-173
-199
-114
-114
-229
-315
-128
-128
-114
-114
-128
-114
-331
-138
-199
-166
-166
-168
-125
-236
-179
230
-198
230
-128
-114
-150
-114
-114
-235
-294
-226
-128
-157
-273
-114
-211
-157
-166
-220
224
-114
-140
-243
-367
-152
-126
-114
-222
-270
179
-114
190
-152
-114
-248
-220
108
-128
-147
-114
-164
-276
-282
-114
-171
-114
-243
-228
202
-166
-248
-128
212
-126
-186
-114
-161
-153
-150
194
210
158
-128
235
-114
-183
-173
204
-114
-114
-205
-157
-280
-114
-386
-142
-242
-128
-114
-284
-142
-128
-138
-172
-150
-246
-250
-114
-138
-114
172
-140
-114
-114
-329
-566
-244
-250
-174
-188
-186
-206
-114
-152
-114
-213
-167
-150
-138
-159
-114
-114
-181
-449
-114
-200
-114
-114
-242
-157
-114
193
-128
-334
223
-246
-114
-138
-182
-161
-237
-198
-175
-205
150
224
-163
-114
-153
-363
216
206
-178
-138
-207
-150
-114
-114
-268
-140
-180
-190
-176
-114
-114
-179
-380
-18
-351
-219
-289
-186
-300
-188
-382
-317
-126
-258
-138
-270
-142
-240
-399
-233
-298
-178
-183
-174
-181
-228
230
-165
-175
-114
-208
-180
-236
-114
-222
158
116
-184
-175
-350
-126
-171
-142
-415
-154
-217
-171
-204
11
144
-185
-153
230
-221
-361
-150
-183
-128
210
-372
-162
212
-204
-174
-412
-146
228
-219
-215
-235
-126
-225
-195
188
154
-209
-150
-142
-198
220
-354
-165
-196
-154
-208
-259
-517
-154
224
168
-193
-150
-246
152
194
-334
-166
-153
-227
-165
-246
-338
-142
129
-171
38
-178
-174
-262
-126
158
-126
-269
-138
-243
154
-190
-174
-229
-137
-264
-423
-160
-330
-265
-224
-331
-234
-257
-170
-269
-200
166
-235
-145
190
-153
-173
206
-320
-152
-165
181
-219
-300
-319
92
48
-139
-198
146
-208
-288
204
-155
-188
-239
-304
206
-114
-410
-393
-230
-208
-210
-235
-150
-155
-188
-159
-410
-277
-190
-362
-150
-153
-358
-218
-207
210
-235
-304
-155
-151
-162
-248
-114
-273
160
-204
-114
200
196
-157
-219
-271
-260
-310
200
-173
-170
-114
-201
-128
-281
224
-170
-142
-170
-208
-205
-139
-202
-154
-384
-229
-221
-198
224
232
222
-170
-189
-202
-140
-478
-330
212
222
-202
-170
216
-327
-196
-173
-180
-176
-114
-126
-199
212
192
-192
-114
-183
-178
128
-301
-254
-193
165
-332
-254
-205
-114
-317
195
-369
-205
-207
-190
-178
-150
76
146
-224
-246
-192
-158
-275
-183
-222
-218
-197
-140
203
-222
216
-264
-258
-164
-194
-114
-342
-142
-114
-114
-154
-128
-280
-269
-199
-241
236
158
-173
-260
-270
-212
-167
-164
-150
123
-305
-427
-183
195
-142
232
-174
-158
-165
-158
-381
-194
-190
-299
-192
-272
-471
-172
-171
-246
104
236
-165
-167
-114
-201
-186
-200
-210
-20
-238
-277
-184
-298
-345
-178
-114
-205
-197
-163
-301
-145
-173
-138
-290
-222
-224
-152
-197
-213
-351
-152
-180
-234
-560
-223
-240
-150
-236
-184
-168
-265
-173
-145
-223
-140
-126
-157
-224
-460
-209
-246
196
-189
-206
97
-126
-301
-168
-245
-145
-252
-387
-126
174
-138
-170
-191
-159
-214
-152
-230
-150
-125
-165
-145
-187
-228
-166
-204
-258
-167
-249
-412
-181
-291
-180
-275
-142
-215
-332
-183
-196
-263
-179
-361
-190
-153
-296
-126
-303
-128
-190
-332
-175
-209
-152
-155
-168
-155
-164
-150
-176
-252
-222
-365
-151
-223
-315
-233
-365
-178
-158
-158
-138
-265
-241
-165
-145
228
-142
-114
-291
-172
-238
-247
-219
-361
168
-371
-114
-280
-144
-289
-183
-126
-211
-308
-183
-281
-202
-218
-162
-195
-246
-202
-443
-216
-262
-256
-137
-114
-174
-643
72
-221
-137
-201
-138
-186
-150
-174
-174
-182
-515
-249
-222
-237
-200
-248
-180
-114
-185
-114
-329
-168
-348
-164
-216
-300
-386
-192
-165
-155
-126
-232
-239
-229
-138
-159
-202
-330
151
-206
-248
-400
-244
-168
-178
-188
-162
-182
-216
-138
-173
-251
-229
-126
200
-192
-242
-165
-268
-201
-249
-208
-214
-357
-298
-279
-176
-217
-146
-215
-265
140
-140
224
-207
-138
-138
-204
206
-189
-138
-263
-214
-384
-114
-114
-226
-138
-114
154
-232
-174
-164
-188
-200
-158
138
-200
-296
-431
-344
-154
-304
-147
-186
-345
-126
-223
-168
-114
-325
-155
-145
-260
-295
-175
-230
-150
-200
-307
-230
-138
-263
-275
-212
-214
-265
-165
-114
-165
-189
-205
-303
-204
-239
-181
-198
-174
-215
-155
-199
-348
-395
-244
-189
-480
-114
-114
-176
-215
-218
-270
-246
-142
-303
-355
-322
-252
-180
-207
-312
-145
-361
-306
-466
-225
-138
-159
-344
-278
-152
-262
-306
-281
-150
-340
-281
-152
-444
-258
146
-234
-255
-229
-323
-563
-320
-114
-220
-227
-423
-140
-152
-140
-303
-309
-138
-152
-288
-395
-311
-209
-400
-222
-150
-347
-184
-347
121
-387
237
-150
-284
-295
-142
-201
-202
-226
-191
-321
218
-190
-212
-192
-193
-195
-243
87
-269
-172
-521
-310
-240
-176
-399
-208
-181
-126
118
-200
-220
-150
-209
-138
-150
-224
-599
-197
-223
214
103
-142
200
-168
178
-114
-375
-145
188
164
104
-140
-314
183
-114
228
-171
162
222
-175
-173
186
202
157
210
-150
216
194
-190
130
-281
-183
-190
-229
-236
-214
-188
-183
151
-166
-150
-114
-250
-150
206
176
-352
-280
-114
-166
167
236
-188
-181
-174
236
154
-157
-158
222
184
-197
-278
-126
163
194
37
198
-164
-168
236
-464
-192
-166
-236
-325
194
-176
-292
-114
-230
-163
-216
-192
-221
-145
198
-162
176
236
-114
-342
-225
-214
-198
-186
174
-174
-172
-138
-209
-228
-359
-195
226
-178
-193
-176
-229
-174
-186
-187
-260
-241
-192
-212
-150
-179
-160
-154
-150
-228
-182
-354
-271
-193
-224
-260
-138
-334
-170
-361
-206
-190
-170
-248
-178
-174
-165
-126
-162
-200
-248
-252
-268
-174
-150
-157
-264
-157
-222
-166
-176
-209
-180
-172
-208
81
-224
-186
-125
-125
-162
-209
-278
-190
-175
-176
-181
-212
-153
-242
-274
-708
-259
-146
-188
-183
-200
-240
-379
-162
-362
-169
-222
-377
-175
-276
-173
-125
-179
-75
-165
-217
-164
-242
-802
-657
-166
-153
-342
-164
-370
-246
-246
-205
-506
-174
-274
-469
-175
-209
-255
-214
-271
-202
-188
131
178
-344
-222
-374
-388
-233
-309
-226
-318
-262
-369
-245
-194
-197
-377
-277
-300
-325
-219
-208
-169
-183
-165
-249
-215
-329
-230
-267
-179
-192
-277
-400
-205
-114
-225
-145
84
-248
-320
-264
-244
-306
-138
-240
-154
-368
-138
-152
-228
-234
129
-298
-281
63
-345
-194
-315
-234
-205
-138
-142
-242
186
-126
-283
-165
-247
-247
-256
-338
-190
-161
-180
-270
-408
-164
-173
-160
-166
-254
-176
-274
221
-181
-205
-208
145
170
-364
-257
-340
-219
-165
-188
117
-174
-171
-114
144
186
-114
100
-197
-275
-251
-206
-194
-250
-198
-229
-258
-283
-176
-185
-216
-159
-234
-262
148
-201
-281
210
-289
-173
-256
-361
212
-289
-206
-204
-215
-275
-152
-274
228
-181
206
-194
-320
-162
-248
-213
-219
-260
-318
-273
-193
-182
-254
-150
-200
-228
-229
-216
-236
-164
-157
-150
-138
-152
-164
211
180
-254
174
210
236
-234
212
-152
212
-238
212
194
-227
16
-138
110
-192
-204
-176
-175
-197
-183
220
151
165
-114
-166
188
-184
200
133
236
-192
236
220
179
-348
202
-154
228
-176
160
-255
-370
-235
-164
-157
99
222
-145
210
-297
113
154
-203
-180
-190
228
202
-178
-157
-299
165
-208
212
220
-138
-250
236
212
204
-271
-181
-164
-171
-145
-211
206
-227
-238
-162
232
-344
-114
-249
-138
-218
213
142
-174
-180
-199
-145
128
226
-220
-166
-190
-222
-276
-264
-234
-170
-228
234
206
-246
212
-150
-299
-164
168
-160
-149
181
-181
-138
-160
-114
-434
-194
-196
-201
-311
-173
-150
168
-225
-189
2
-218
-150
-271
-229
-238
-164
-199
-150
-219
-241
-211
-198
-196
-138
-195
-246
-209
-190
-325
206
-312
-146
-138
-163
-214
-171
-162
196
-153
-175
-168
-268
-444
-210
-181
-157
118
-155
-169
218
-318
-171
-270
-138
-154
-180
-291
-213
-138
-270
105
-169
-169
-207
182
-208
-146
-267
39
-172
-320
-163
-170
-187
-227
-126
-181
-138
-163
-145
-197
-244
-140
-125
-164
-230
218
-137
-241
158
-205
-263
154
-149
-164
100
-181
-145
-215
128
-140
-298
-258
-169
-181
-125
-160
-350
-210
137
-154
-178
192
-172
171
199
236
-173
-286
126
-162
-20
-217
-166
-154
-185
-188
-140
-152
-167
-169
118
-281
184
208
220
-154
-296
-137
-150
-137
-190
-196
-535
-114
-184
164
-204
-258
-178
-114
-222
-162
160
-171
-166
-145
-296
-182
-182
-150
-198
-270
-270
22
-145
-138
-150
-173
-162
-147
-138
143
-138
-306
-182
-166
-246
-173
-182
96
-138
-164
-206
-355
-158
-226
-222
-174
-159
-145
-419
-308
-114
-299
-206
-162
-238
-227
-190
-150
-126
-162
-138
-388
-192
-166
-214
-265
177
-189
-157
-157
236
-157
-268
-184
230
218
228
-114
-174
-202
-209
164
-220
206
-155
-215
-295
-195
-155
-337
-331
-137
230
-138
-183
228
236
-173
-170
-189
194
210
-238
-154
-145
-164
-461
-278
153
10
194
236
205
-236
-150
-134
-199
-164
-138
35
-235
-180
-206
-154
20
-180
-197
-145
-275
-166
-180
181
-258
206
96
-194
-138
-318
-296
-138
-236
-222
-242
-205
144
-99
-194
-256
-297
-248
-138
-178
-274
-162
-170
-180
109
-176
-164
-246
-198
-609
-152
-262
-181
-173
-152
-357
-154
-208
-164
-154
-166
-150
-98
-264
-208
-402
-202
-150
154
-174
-178
204
144
-284
-214
226
-190
-178
89
-274
-145
210
-176
-171
-183
-250
-448
44
132
-162
-114
-154
-167
184
-234
229
132
230
-114
226
-166
-202
170
-260
237
-159
-114
226
-206
198
-145
119
-194
-164
106
-433
-495
-190
169
-229
-44
-187
-463
-154
-162
-183
-150
-215
-125
210
-193
-152
-215
118
226
-145
236
-200
185
-204
-190
-126
230
222
-178
198
-142
169
-145
-208
-86
-189
164
-157
226
194
226
-244
-193
206
-162
-225
182
-196
-170
-150
226
-140
-145
222
-138
198
229
-168
-188
226
-199
-204
-238
232
-162
236
210
228
166
-166
-230
203
236
-216
222
226
208
-206
-194
208
229
-138
-272
179
-214
-174
-197
-157
-159
-142
200
-157
-181
-405
236
-171
-161
-264
-171
-138
-178
-271
-208
-228
222
-194
-433
-196
-318
-150
169
-212
-276
-188
-145
-145
-229
-154
194
-154
-262
210
206
-327
-150
-322
-210
176
212
125
-150
-190
-265
162
184
196
-198
-154
-125
208
-114
-237
-164
210
230
-407
-162
182
236
-277
236
76
-182
-138
-407
208
-164
209
236
202
-275
236
-166
209
-193
231
229
79
-164
216
226
-206
230
64
-145
-218
-234
227
-126
180
-165
208
-183
-171
-219
-204
236
218
-228
-138
-253
222
236
186
-174
236
230
220
-181
-323
-171
212
-152
-168
-174
70
236
200
208
-305
208
220
-145
180
-157
16
219
226
198
212
-313
223
-189
-165
-146
-192
182
196
221
227
-251
-230
209
210
235
232
236
-220
-173
-138
-114
222
224
-168
-125
212
-171
237
182
194
-159
172
230
228
-178
-180
227
117
210
-216
-176
-159
210
237
-199
204
-162
236
208
226
-150
228
236
210
-150
236
218
212
-162
-180
208
-373
-199
-263
-163
87
236
-162
-206
-174
-150
222
212
236
-172
-164
-175
236
-162
-222
-169
-164
-192
231
-178
-195
131
180
200
-188
194
208
-303
-166
228
-196
-138
-125
-166
-157
-200
-138
204
-152
-195
121
211
192
-217
184
-138
-166
210
217
228
-180
-145
-138
236
-169
-160
-178
222
-181
236
178
-138
236
208
-145
146
180
211
228
-157
-204
-150
236
-125
224
215
236
-190
194
224
-150
35
-194
-225
-244
-180
-262
-150
176
-150
-145
-160
-411
-176
229
230
-186
-154
162
210
226
191
-155
196
203
-166
-194
194
-145
-145
-114
236
124
236
224
-196
211
-145
234
198
-176
-176
63
-138
200
162
214
-114
-179
222
160
-183
-178
234
188
-207
-198
216
225
-190
-162
-200
-218
218
-162
-138
184
-150
126
-245
195
-210
-154
226
-238
-246
-150
-154
-138
-199
234
213
-154
-163
-180
-198
216
-142
-197
208
202
-178
-157
-262
-166
101
-160
204
-183
236
232
-183
-252
-295
-194
-114
-145
-176
-154
-160
-154
230
-162
-242
-137
212
144
-155
-168
-194
-166
-168
-174
-204
212
206
227
-138
-178
-195
116
226
234
-199
219
-157
-191
-145
182
-182
174
-152
-188
-173
236
-165
184
-140
-239
-157
-114
-138
-176
176
-194
-207
173
-810
237
-248
231
208
235
-168
-213
-173
199
212
-199
-174
234
-145
-168
222
-138
202
229
-199
236
-164
176
237
225
-166
-125
228
236
-14
-215
77
208
-162
-218
-154
234
214
236
-267
-273
226
232
222
-145
96
-199
-138
167
182
-226
-150
228
224
-186
236
236
-157
-186
156
-202
230
189
-162
-164
212
-232
-159
-138
-145
236
-138
233
-176
232
-145
-125
176
222
214
237
236
230
-150
208
176
-199
-716
-150
210
-138
-179
227
-138
235
-168
-210
236
236
230
234
-162
-150
236
-138
-186
211
204
127
-145
-183
-199
-338
-187
-164
183
229
-206
-175
-162
236
-160
236
209
-156
-154
-152
-150
-176
-125
-162
-162
-218
-204
-171
232
-154
-244
220
142
-140
-150
226
-138
-552
8
184
232
-174
-145
204
220
226
236
-196
236
235
-185
-184
-182
-277
236
-174
-154
187
210
-443
-193
223
-162
226
182
-187
-138
194
236
-236
-169
-194
-173
236
-154
128
186
-160
-114
-184
-249
-214
152
222
-162
-154
-166
236
223
236
-83
-185
-138
-171
-178
-145
-138
234
-178
-160
228
-154
232
-166
221
-138
20
236
236
200
236
237
-191
-160
232
182
-197
-208
154
196
-228
228
-186
-274
223
-192
162
-230
-154
-296
228
231
75
-157
236
-155
237
178
-166
-159
-170
216
-176
-176
157
-202
-183
237
-145
111
236
232
-154
94
-188
-391
-188
-147
-125
193
-150
228
-154
210
182
-128
235
-126
191
236
-276
130
-138
-164
-199
-145
-138
228
212
-150
-223
207
205
-138
233
180
212
-145
236
-220
171
-181
-191
-463
236
-183
184
182
236
186
-216
-193
-140
210
-163
230
176
236
148
184
-138
231
193
-157
185
-126
236
186
-145
-186
-182
-244
208
-162
235
187
-186
202
-176
-138
-138
-178
-184
236
-172
-182
-154
201
-154
-154
-138
236
178
230
234
-154
183
220
228
222
-154
212
-184
-211
-157
-145
236
-216
-178
236
-206
-190
-163
-169
-157
-164
230
236
194
-192
-156
236
-264
232
-125
144
-138
-159
178
-128
-436
-160
236
-194
-221
226
237
236
-160
158
210
-234
61
232
-171
-154
-191
-154
-145
-150
-162
-145
234
236
230
-145
-150
-340
-160
174
236
-150
-150
237
232
-145
-196
130
-217
-162
-154
-138
228
-138
-145
-125
237
-150
177
168
-162
-138
182
235
232
-179
-176
-150
-186
-216
-194
228
236
230
-173
-239
-145
-184
-190
236
211
236
-114
222
-145
208
-168
-180
-138
-160
236
-159
-218
210
-150
-146
-160
236
230
-158
-138
182
-164
-145
-199
-174
-162
-187
15
230
161
-162
215
-286
-166
204
192
228
-163
236
-230
-192
-138
-218
-180
236
211
-157
236
230
-160
236
131
-145
236
173
223
236
-164
236
158
207
-162
-188
94
236
210
-159
-145
236
226
-145
-326
162
-258
236
236
-263
-157
230
234
-216
-186
-202
-214
-324
-199
-160
-259
230
227
209
160
-165
-166
-326
-208
237
236
236
-138
210
223
-220
236
152
236
220
216
172
-170
126
228
100
-145
-164
-204
232
236
236
236
236
-138
231
-209
230
172
228
-145
236
149
-154
210
146
-166
-185
-164
170
-150
-192
188
236
-169
182
-218
-150
210
208
-145
-396
208
-180
237
139
-150
200
-166
-212
237
213
186
-180
-214
236
3
232
-218
236
226
236
-226
182
-160
236
-154
-140
228
-154
15
-154
-126
-115
232
236
-206
236
192
-202
237
234
-166
-173
-192
-138
-138
-162
-138
-244
-170
236
194
139
226
-154
201
159
211
-182
234
-157
-157
236
-170
-166
-178
-157
232
-181
204
198
-192
-166
-185
-162
-186
-114
-145
-137
222
218
-157
-244
-157
154
236
160
237
-176
-160
237
236
-247
-150
236
223
176
-138
230
236
236
182
116
26
180
-214
-138
236
206
-160
-138
228
-214
-160
212
-164
234
-150
236
202
236
222
236
206
211
-145
-138
194
182
-176
208
-168
236
-189
222
-157
236
64
206
236
-166
-145
210
194
236
-145
200
-411
176
182
-138
-282
236
-137
-145
226
-250
210
-166
219
-174
208
-182
228
-157
-260
-145
234
-164
194
199
236
-176
-154
208
-150
-171
-168
196
-154
-218
-169
-190
229
-175
-194
129
-160
222
-138
220
236
236
142
-150
236
236
210
-145
-246
-138
-211
-230
237
-150
180
228
-251
-157
156
207
-223
-208
210
-155
-125
174
-145
-154
236
194
-138
209
-175
-202
-218
-128
-160
-145
-145
-166
-164
-138
236
220
61
-138
-164
234
-171
235
-180
-154
229
-145
-208
-193
-224
-145
-162
-188
-150
212
205
228
-145
-178
226
-154
-204
-218
-138
-174
-154
-157
-155
226
232
128
-157
226
156
208
-218
-150
232
204
212
201
222
-156
-150
236
-138
68
-145
-171
236
-138
-138
236
236
-184
228
208
182
-176
236
-140
227
-168
212
-146
216
-178
228
-184
-153
210
-145
212
-145
-159
236
226
235
-177
236
-182
230
-150
230
235
-176
211
204
-164
226
208
156
-157
69
-154
236
-145
-157
236
226
-145
182
-240
-164
-157
236
236
236
210
-138
-145
-138
236
-145
228
236
-170
-138
-168
198
-187
-154
222
228
225
114
-160
-145
-138
230
230
236
143
230
208
-140
-149
236
236
204
176
236
-174
236
196
-171
-182
-178
209
71
-210
-205
-202
-185
-162
203
174
-150
197
-164
204
232
212
198
-138
226
237
-171
160
-236
212
-145
236
-180
210
202
-145
-162
236
-182
-178
198
236
236
103
236
236
236
-145
-150
-154
236
-154
-170
236
-154
212
-138
-145
-200
-170
-162
236
182
4
-198
-200
-160
-182
-245
-165
210
-180
136
207
189
-145
-154
234
-158
-154
195
206
-138
-138
236
-140
236
-150
-145
222
-138
-75
-125
-178
210
-145
120
210
210
152
236
-150
-145
-145
236
-138
233
-154
-145
-154
168
-169
198
-186
-180
-171
235
181
-160
210
-160
-150
-145
228
236
-138
-162
145
-138
-164
-186
236
-162
236
236
208
-145
-162
152
215
196
-184
-137
212
-114
179
-164
-154
-154
-212
-154
-198
226
-162
-173
230
236
-159
-162
-150
182
147
236
-160
236
208
209
-145
121
220
236
-162
172
222
-150
-162
236
-145
208
-154
237
222
-169
-150
-167
236
-190
-157
-178
-162
-154
-164
-162
-184
-145
237
211
-138
236
211
236
-160
-150
208
-154
184
193
230
-208
-171
206
236
-145
-346
236
138
200
-138
-226
236
-150
-176
-220
208
143
-145
142
236
-209
-157
-166
237
235
-145
236
-145
-268
-154
-222
-138
236
230
212
-145
201
228
236
236
224
-160
224
-164
230
226
236
-160
236
210
183
222
232
-160
-321
210
212
-145
-200
138
181
236
-154
-160
236
-162
76
-192
226
-152
-166
234
-150
-145
236
-165
-114
-182
-197
236
-171
182
182
-150
230
228
236
-186
-150
228
-252
236
236
236
236
209
-138
222
236
-199
155
-190
-154
236
209
-188
-145
210
222
230
-150
-156
175
124
236
-359
-138
236
226
-174
184
236
229
-164
-162
223
-186
222
236
-172
151
174
-226
102
142
-188
212
-138
-145
-188
-126
-164
204
236
236
-138
-138
-171
202
-145
208
206
-150
-145
-145
236
-172
-208
-154
-162
-166
-199
236
-162
236
226
-185
-154
210
236
236
-150
236
236
234
132
-164
236
236
-174
228
-258
230
-157
-212
151
186
-171
-160
-176
-283
-157
-262
193
236
-195
220
-138
-192
-160
-230
237
230
236
-170
-155
-160
-260
208
-171
236
182
236
-164
-138
-150
236
236
236
202
45
-138
-126
-150
-159
-182
204
-160
236
-138
224
-171
-140
190
231
212
-186
234
221
170
-137
236
-145
184
-145
-145
-180
-150
188
236
236
-171
-197
-162
-138
-164
-174
-208
-232
-162
236
236
236
236
-145
-145
-188
163
209
-145
218
-199
-178
236
141
-162
-162
210
-168
225
87
-246
-184
188
210
205
-162
218
236
-172
-182
-181
-150
-192
-159
-176
-145
209
211
237
-190
-154
210
-138
177
226
236
-126
182
226
202
-180
-208
-138
194
236
-202
-150
236
-169
226
201
230
-150
-150
234
228
-145
178
181
176
208
-166
220
236
-150
236
-444
201
-138
-145
230
157
236
212
-150
-150
-162
150
-164
236
-154
-164
228
-232
187
-154
236
-172
-166
-220
236
-201
-145
-150
236
-150
-225
211
-188
204
182
-145
194
236
236
230
236
236
-206
-201
182
-138
-145
-214
-145
-138
226
-140
236
186
196
212
236
-157
-188
-160
226
-288
-199
83
226
182
-172
200
236
-166
236
-164
208
232
-190
-146
213
201
-138
208
214
226
-145
212
180
-150
-150
-154
-138
236
-138
150
-190
236
-114
228
226
222
-196
230
-166
-160
237
-186
-145
-154
222
-150
222
-150
-145
232
-242
-165
-218
-138
-176
168
228
-183
236
-138
208
-150
-170
236
-206
237
223
-199
236
208
-168
237
222
174
-164
-145
-162
-145
236
236
154
170
234
-160
-160
236
-160
148
-173
-166
221
224
-188
201
230
225
235
-150
228
-269
230
236
236
-165
206
-145
-511
203
-162
-160
-160
-138
-182
178
-164
172
228
236
-138
-154
222
216
226
208
192
230
236
-150
-188
230
228
236
208
-145
-285
-150
212
-150
-162
-174
-150
-138
236
196
-145
-138
237
-160
234
208
-168
-138
181
-150
236
236
222
-150
210
235
174
210
-194
-67
229
235
182
158
174
-145
184
213
-138
220
176
-154
-168
-144
236
236
228
230
-174
229
200
-166
210
236
-208
-230
208
-145
202
204
160
-186
236
-162
-202
176
178
226
230
-272
-164
-162
236
-292
236
-174
208
227
-157
-171
-197
194
236
-154
-162
-166
-154
-150
-190
174
-145
212
150
180
-180
-151
230
229
-138
-114
-166
208
-160
-145
209
236
210
236
-180
-145
236
-204
-194
-157
222
-150
200
-176
-142
-188
-164
-218
236
210
-138
-160
-138
236
-150
204
-159
236
-138
236
224
-154
79
228
182
230
236
236
-150
-150
236
236
234
-171
208
-240
236
230
-166
220
-379
-180
-162
-160
-170
-224
206
-160
-162
236
-176
210
-160
148
220
-138
-150
236
224
-165
236
87
-138
-197
236
208
222
237
228
-176
236
175
-72
236
236
-145
-162
-138
124
-185
236
-154
-176
-186
180
228
206
236
222
236
-184
236
-188
-264
-202
230
236
182
-162
-254
-171
-158
-194
-572
208
-145
198
-164
236
-182
-145
-145
236
236
230
-150
210
-229
236
-220
237
236
156
-170
210
233
-150
181
-164
-138
216
220
226
236
-169
-162
235
-154
234
184
-140
236
237
-150
236
198
236
-208
-152
-138
-150
222
-157
-248
236
96
-162
236
208
212
-145
208
228
-150
-138
236
-122
236
-225
-150
236
-154
201
-150
-128
-150
174
-182
-174
171
230
-186
174
-138
-154
-192
-171
-162
192
-150
-173
224
236
116
-160
236
-145
-162
236
-162
211
-154
153
-170
-162
-194
-145
-190
216
-174
-138
236
-145
236
-170
-166
-150
236
-310
-296
180
236
236
-174
222
-150
-138
216
-164
212
-138
237
-142
-249
228
-145
236
-150
236
-192
236
182
221
236
-138
-166
212
-162
236
198
-154
182
150
-164
210
236
235
-150
26
-145
232
-162
222
210
174
-138
-138
-169
-188
-150
-162
-150
237
236
236
19
-138
-170
223
-138
-162
-157
236
-145
-264
198
-160
-164
236
-145
-150
-208
-182
-164
236
236
-159
232
230
230
232
-138
-160
-176
198
-162
-150
-138
182
232
196
-162
211
-168
236
204
236
-169
-186
229
-180
-196
64
-145
226
236
-138
-176
230
236
-258
-160
-162
211
236
236
-172
-192
-172
123
208
208
-393
-208
-171
236
202
-144
236
210
-230
236
-157
200
210
204
210
236
209
-150
-138
230
-138
236
-233
-145
-163
-162
234
182
-174
236
-177
236
-166
-154
-138
208
-145
236
172
-61
236
182
-138
236
236
-145
236
236
-162
212
236
211
-162
-145
-154
236
-138
-138
206
235
-150
-166
-162
156
-154
210
236
-169
-152
-160
-138
-228
184
-150
-145
182
236
-199
-145
131
-150
236
156
-235
223
236
-199
-145
-160
-157
-145
208
226
222
210
226
-186
236
165
236
228
-152
233
-145
236
-192
-138
208
182
-150
-138
-145
-190
-138
-202
-145
144
-145
-150
-194
-138
-138
-214
202
200
210
-150
-170
212
-145
-166
210
132
230
232
237
-188
236
-180
-150
-208
-150
122
176
-295
230
-331
-145
212
194
-195
-225
-177
-157
-157
-154
-244
-279
-311
-231
-150
-204
-138
-159
-145
30
156
216
-152
236
-138
236
-145
236
-164
-145
-192
-186
-274
186
236
-167
-125
226
-150
-160
-217
79
-154
-145
-180
222
-185
74
236
172
233
184
-239
204
232
236
188
204
-192
-201
202
212
-356
-191
-150
-172
-138
212
212
-170
-150
-162
236
234
-162
208
236
236
210
-162
-342
236
-114
-138
-232
210
-8
-160
236
-186
236
96
210
186
236
-169
-154
236
-168
-192
-168
-198
230
236
-138
222
-142
-150
232
228
230
-181
-125
219
-178
-232
185
116
235
-169
233
210
-186
168
-146
-162
-150
184
-145
-170
196
152
-160
236
236
-157
-138
210
-138
236
236
-166
-154
236
236
236
230
-145
236
-192
-150
236
225
218
230
-274
-208
-157
228
236
-255
-168
-160
-192
-166
-208
-150
-150
236
237
-174
236
-184
226
182
212
-166
208
236
237
182
-138
-138
236
-154
226
236
236
-145
236
214
-173
-160
-159
-160
236
236
-160
-138
-150
-140
127
-160
-175
137
-223
-514
232
-154
236
204
-138
-145
-145
236
-291
-178
-178
-164
222
-145
236
215
-150
-198
237
222
236
-160
132
-160
210
-173
-159
139
236
-168
236
210
-150
236
236
229
236
236
-182
-176
-150
229
216
-270
236
-138
194
227
-138
236
-199
-334
-214
-150
-158
-138
-160
-145
220
-160
236
-395
-200
236
189
154
182
202
-268
226
236
216
236
-137
208
237
236
201
236
-138
98
236
-162
-145
236
-150
236
210
-184
-125
-150
211
-150
236
-168
-186
236
-374
-162
226
204
-221
225
236
236
-138
192
-150
236
227
-145
220
-210
226
-174
-150
195
-154
-138
228
-145
-160
236
-256
210
-150
232
-178
208
-138
178
228
-154
-390
194
-160
160
226
228
236
204
236
-276
-138
236
-145
-125
-214
-163
210
183
234
236
236
-145
-208
236
-150
208
236
236
-150
236
236
215
-180
236
236
-154
236
-152
-138
232
236
-193
218
237
234
202
-233
211
228
209
236
236
-154
237
236
236
-145
-145
219
188
144
223
230
-157
-138
-160
232
-226
236
236
-138
236
-164
230
-178
-184
236
-114
-60
-211
-370
236
192
-138
237
-145
-367
-160
-150
236
-171
154
182
-154
-154
-138
236
-188
-138
-145
-268
-150
191
216
236
232
-262
208
-150
236
-157
-186
-157
236
-239
148
236
-157
-154
212
232
236
-138
236
-154
208
237
236
202
-160
182
-138
236
236
-162
202
236
226
-164
160
234
236
222
-150
146
-160
237
102
-160
-138
222
-160
236
229
229
-154
174
-75
-160
-611
-188
210
236
198
-138
221
210
236
226
236
-114
228
235
-177
-198
-158
236
236
-154
-150
237
-181
236
236
-145
203
236
-232
-145
172
223
-125
-138
-145
-150
211
-145
214
225
-364
227
236
207
-162
236
202
236
236
236
-145
229
203
210
212
234
-249
-138
235
236
-138
-192
236
236
-154
236
-160
-159
184
236
236
232
222
-172
237
-154
237
182
236
174
-157
228
-199
236
196
210
-126
232
227
-242
-164
-138
-138
236
-160
-216
-176
232
180
210
-150
222
207
-154
178
-157
-150
233
236
223
-150
182
-160
234
236
-164
236
211
226
-160
236
-164
236
236
236
-145
-185
236
211
130
208
236
-138
236
226
-199
236
-226
-154
232
-157
120
236
226
205
236
38
237
210
212
-164
236
184
236
233
237
236
-138
236
-162
236
236
235
-150
208
-154
-145
-145
236
-138
201
171
-273
-162
-138
222
-154
236
-145
-162
-150
-138
-198
-145
229
208
128
236
236
236
-138
-145
228
236
229
152
-150
222
-214
232
208
-188
-199
236
-125
229
-137
232
-188
-164
236
-150
-160
-183
212
-320
-176
236
236
-138
236
-138
37
-145
-188
-154
236
236
229
-154
-150
-154
228
198
236
236
-152
-165
210
194
-163
204
-154
-145
236
236
182
236
236
228
-150
-160
99
-160
226
-160
229
236
-138
-138
-172
-206
236
-164
-154
-157
233
-154
-145
232
-154
211
208
-197
236
236
219
-138
-157
-154
-169
-188
222
-214
-164
-160
-138
236
183
236
212
-232
-152
232
236
222
-178
220
215
182
236
-145
213
-145
236
-154
208
210
203
-154
236
220
-166
-138
-145
198
236
-278
-198
236
-198
208
200
206
186
-154
210
148
-138
-138
236
-150
220
186
182
-138
-183
124
-150
-154
236
236
230
-190
236
200
210
-145
212
-150
-150
222
230
-176
232
-154
-138
-150
178
-201
-125
138
-138
-162
-145
-160
236
-157
-154
-217
-138
-150
236
-182
236
-176
-138
102
-138
224
211
236
236
-162
-162
-160
210
228
-168
236
236
236
226
-160
236
-145
236
-145
-214
-154
-150
-160
216
-145
-157
-145
236
-137
-150
-150
-138
-154
-186
-145
-138
-246
-176
-264
168
-160
177
-166
218
237
-145
236
-316
-138
-344
-176
-180
-138
236
236
-162
236
225
-188
-138
236
-154
-178
-145
-162
-176
215
236
-160
229
-162
-204
237
236
-170
-190
180
236
-150
225
-154
-150
208
-186
100
-138
212
177
208
236
229
-296
193
-154
210
-178
237
215
-168
236
-138
236
236
-168
206
-150
236
-150
-181
232
202
230
-160
228
-145
-180
236
236
210
236
223
237
-160
222
-138
-168
236
-138
200
-126
-150
-158
-160
236
182
230
-138
226
-193
-282
-138
-170
229
224
-114
204
-192
-150
-204
-138
210
236
236
236
-199
178
230
236
-234
-337
212
204
-162
236
232
-164
236
236
-150
204
-157
-206
-180
-162
208
-150
-138
-172
-160
-185
236
236
236
-150
-160
236
-157
236
-204
-164
-138
236
-164
156
-150
236
236
224
-225
236
-150
222
236
236
198
-150
-216
182
236
-171
-145
236
-145
222
-138
235
145
-164
-162
-194
236
-157
-208
221
236
232
-160
-145
154
-258
236
-166
-157
236
236
-150
228
-150
-160
-145
-160
222
232
-138
-220
174
-150
-178
-202
236
236
-172
236
236
236
182
236
236
-138
236
210
174
-270
236
236
-138
-197
234
-302
188
236
-138
222
-145
-138
155
-138
-325
87
236
-172
236
226
-210
182
232
-162
-138
236
-138
178
224
237
216
235
236
218
208
-150
210
176
-168
-138
230
236
116
-306
-138
236
236
210
-154
-162
225
232
-138
236
-157
-160
-218
-154
-162
-199
-246
-138
-186
230
-168
-227
236
-160
-138
-168
-150
-166
-114
236
-166
-192
206
229
-182
237
230
-150
-160
-138
209
222
-166
-154
-170
-193
236
-163
220
228
-220
149
-162
237
-138
229
236
230
196
-160
194
230
236
-150
-157
-214
-164
236
-232
226
160
-154
-145
222
-150
236
236
-192
-166
-159
-191
-145
236
236
236
208
236
-168
-138
-162
-272
236
-178
-145
-214
236
-138
182
-145
225
-138
-138
118
208
-138
-126
-199
-178
-150
226
237
236
-174
236
-126
-154
236
236
226
237
221
-138
-145
228
236
-173
-138
-162
-311
236
236
-225
236
236
74
210
232
237
-172
-162
236
-150
126
236
235
-154
206
-198
236
204
-274
208
-166
234
-171
236
210
-222
-158
-264
210
-202
236
-218
-160
209
237
236
-208
226
-160
236
236
236
-170
-150
-160
-138
236
219
-138
220
236
236
156
-145
236
-138
236
182
236
-178
236
236
236
-228
-150
236
236
-199
168
236
236
236
236
182
216
-168
-168
-145
237
236
226
-234
-168
-138
-114
236
198
-114
227
237
-138
237
210
210
-286
-138
-164
-160
-160
-216
-150
-162
236
-138
-182
211
-157
-145
-228
220
210
236
236
-166
236
236
-216
-145
-206
222
236
-166
18
210
-162
-169
-150
213
-138
-125
-160
236
236
-138
236
-208
-138
236
210
-164
-180
-204
-171
-140
236
-145
97
-184
236
154
-188
230
212
236
227
236
-162
-162
236
213
-227
-140
210
-170
236
228
-228
-154
101
-157
-182
234
230
-160
233
236
-182
236
236
-162
210
236
-126
192
234
236
236
-145
236
-145
-138
158
212
236
-145
212
236
-412
109
-145
236
228
-176
-188
182
161
234
-171
-180
-150
208
-145
130
13
222
236
204
236
206
236
232
-145
-145
236
-188
196
237
-150
-164
-180
-145
220
236
-160
-164
236
236
235
-138
-150
208
-145
236
-163
236
106
230
232
-232
236
-171
230
-162
236
236
236
236
208
-178
236
-168
-145
236
-204
-162
-157
-159
-150
-150
-150
222
182
210
180
-166
-164
-154
-154
-216
-210
-236
236
237
211
236
203
236
-238
-138
-150
-160
-164
-196
-145
123
-171
208
-162
184
235
-149
225
-176
-218
-184
-150
-168
73
236
236
-114
232
224
236
-150
-188
237
-138
236
-176
-150
228
210
-166
237
232
236
-160
-150
236
-162
-162
230
229
158
222
-145
211
228
236
-138
236
236
-154
-164
-150
236
-188
-145
73
-154
184
-164
236
-304
-138
208
230
236
-138
-145
-145
203
176
-188
210
208
-167
-138
-138
-197
-145
-176
182
-162
236
-160
212
-154
-194
-31
222
236
230
198
-222
-172
-114
-145
-150
202
210
236
-162
236
-145
-138
-145
230
-138
-160
236
-145
-154
212
236
-154
236
-173
208
236
236
-162
-162
237
236
-138
212
-138
-150
-197
-145
-140
222
230
-170
-192
-164
228
236
236
226
-138
236
236
237
236
-166
236
212
236
236
232
-162
-206
236
-154
-212
222
-138
228
-138
226
176
-138
-145
-138
236
236
236
236
236
222
194
230
184
-154
236
210
-145
-145
228
-138
-145
236
202
236
-178
-150
-150
-138
186
-154
-227
224
-160
205
222
-145
236
236
-160
237
222
-138
-145
-197
-192
-138
-160
-162
232
187
-159
96
-162
236
-150
-138
229
-138
-138
-178
236
236
-225
184
-242
228
-138
-154
-164
-199
-162
236
-154
236
210
-138
226
-150
208
226
-140
-138
-168
213
-162
-150
210
236
-138
232
-138
-170
236
231
236
-138
-168
236
-145
-145
236
105
236
-260
-145
212
236
212
-160
226
-165
230
232
236
-160
-154
222
218
-223
104
-150
212
-174
230
-199
236
236
122
-258
-160
-138
236
236
-160
146
-138
222
202
-190
-220
-150
-192
236
228
-160
228
236
-150
-154
216
236
234
236
-145
222
-190
236
237
-234
234
-150
226
236
237
182
-218
230
-154
-176
-145
-154
230
236
236
-176
-160
236
126
236
176
-162
226
228
-154
-216
236
201
236
-164
-150
184
236
90
-145
-145
180
-178
-138
-145
-154
236
236
-240
226
-214
-150
-150
-145
-145
228
236
229
236
236
220
156
194
237
236
-166
180
228
177
235
-145
212
237
236
236
-186
-253
-150
227
-171
-145
-145
182
-160
236
-160
-170
210
236
236
196
-154
-114
-165
236
232
236
208
-138
204
236
162
182
-202
236
-247
-145
232
-171
220
232
162
-138
-216
-138
-154
235
190
209
-138
-138
236
102
235
-145
181
-114
-145
236
182
236
208
-174
221
236
-173
236
231
31
-150
-149
-145
-150
226
236
-138
128
-138
-145
224
-162
-160
-145
212
194
-192
236
-138
-204
-196
235
-145
236
-162
-176
237
-145
154
236
-157
237
212
-138
211
-160
-138
-150
236
210
-242
212
-145
180
-150
208
-160
-145
232
-138
-201
236
182
-216
236
-150
-160
210
222
-298
237
212
-145
236
230
-160
210
205
236
231
-234
236
212
236
132
-154
-138
236
237
230
229
-160
-160
-340
-150
-255
235
-145
236
210
236
236
-150
236
236
-154
-171
236
-138
236
-192
-166
-146
236
236
-164
-154
236
-214
230
236
236
236
236
182
-154
-138
175
-171
-160
210
236
-170
210
-160
237
-172
-184
236
210
-192
-170
206
-173
-157
236
208
226
236
-162
236
-192
-157
-150
-166
208
-166
236
236
237
-184
236
-162
-138
236
152
182
236
182
-160
189
236
-160
-173
236
232
236
234
-138
-164
236
-163
-150
229
230
154
-138
-145
208
-162
236
236
-145
-154
-160
-174
-174
236
202
-188
236
228
236
-150
236
-216
230
236
-138
-150
150
-138
236
-174
-164
-138
-154
-125
-159
-157
-154
-178
-150
-138
132
-186
236
236
-157
158
154
-164
-150
154
182
-157
236
-145
-145
-150
236
236
236
-154
-222
-157
-168
-145
186
-154
-162
182
234
212
236
-157
-138
-150
-154
-154
-138
174
230
236
-216
236
226
202
-197
186
230
236
237
222
-183
236
-160
230
-145
226
-238
237
234
-150
-150
236
-183
226
-162
225
210
226
-138
-154
-160
-302
208
180
-162
222
-138
-145
236
-138
183
230
-162
-138
172
182
117
-150
236
236
210
-145
-145
-138
219
-157
110
-162
-166
-162
122
236
237
222
230
202
237
-138
-171
-138
-284
-166
-170
225
236
186
236
236
236
-150
-232
236
-138
232
-167
-237
236
236
-162
210
-174
-186
119
-176
-171
-150
237
-164
-138
232
-154
-232
232
-170
236
237
-174
-138
236
210
-154
182
-138
208
230
-160
-154
-164
231
-138
-138
236
-138
236
236
222
218
206
236
-138
-138
-157
-145
-138
-145
237
236
224
-160
152
-160
-176
236
218
236
-188
236
222
161
236
236
236
190
226
-138
-154
-162
-145
-154
-128
236
210
-162
-199
236
-138
228
-157
236
-188
217
-150
-178
-154
-166
-159
212
-138
-166
236
-145
-226
222
-138
236
180
-145
-154
-174
236
-154
222
234
208
-154
236
236
196
220
-138
-138
-160
230
178
-138
236
-138
132
90
-282
236
182
-154
236
216
212
208
-150
215
-164
212
-164
198
222
-138
236
-178
182
195
180
-140
-177
-154
224
236
-159
232
236
-138
-190
222
-164
236
175
209
208
-160
206
-197
230
236
-184
232
236
-230
-150
-150
182
236
236
-164
-138
216
236
-188
232
236
-145
236
-340
208
236
236
210
236
-162
229
222
236
-199
236
237
-150
236
226
-322
234
-160
236
232
-195
202
210
199
-138
-212
-202
-164
236
-145
-163
-218
-138
-150
-165
235
222
-173
-150
236
-240
208
-150
230
226
236
-186
-145
-150
154
-145
236
-154
212
236
-138
222
236
182
182
-197
236
-210
236
-150
236
-154
100
236
236
-162
184
-154
-150
211
236
-150
237
-145
-146
237
236
-174
236
222
236
230
221
236
-160
196
-160
-150
-164
211
-150
-138
200
-138
222
236
236
129
236
229
233
-150
-242
-145
-176
228
180
-138
-162
-292
234
-164
165
183
235
228
208
182
236
-212
236
236
-150
-228
217
229
228
-160
-182
206
182
236
184
208
224
-166
236
236
236
-150
236
-145
226
204
-375
-138
-154
-162
-160
-176
-145
230
236
-138
-192
236
204
-168
236
212
-138
-168
236
227
49
-145
208
236
198
-154
236
228
226
-150
230
-160
179
212
-154
236
-160
236
-145
-145
-162
230
-170
-160
203
-150
-227
-220
-145
236
236
226
-214
-160
236
-138
-178
237
-160
-157
144
230
-145
236
237
210
-138
-234
236
-150
-150
-150
-162
232
-145
225
-308
-145
-164
-188
230
236
122
236
150
224
-140
-138
182
236
187
-145
-171
236
-154
-154
228
236
210
-194
-199
154
236
236
221
-160
-150
236
236
-145
210
32
236
-138
222
236
-154
-138
236
237
-194
236
227
-145
-160
-192
194
230
237
236
-192
-169
-366
61
226
236
236
198
236
-145
226
236
236
-176
212
222
236
236
204
229
-214
-145
222
-170
-145
236
236
-162
234
154
236
212
-222
222
-164
227
-192
237
188
216
-138
-169
-174
165
236
-145
-188
208
236
182
-138
236
-145
235
228
230
-178
-150
236
212
-242
-176
208
-162
-145
236
-150
228
232
236
-162
236
236
222
236
236
-150
-186
-199
-174
237
230
-138
85
-168
141
-138
236
-160
-145
237
236
-150
-138
232
236
236
210
-162
236
-170
232
-162
-138
227
234
236
-160
-373
-138
236
-145
236
237
222
-228
236
-138
212
236
236
-194
208
-194
236
-160
211
-182
236
156
236
210
200
226
-138
226
236
233
-138
-138
-195
-211
-168
-37
-145
-154
236
236
236
-154
-160
216
210
228
-145
-150
156
-157
-162
215
236
-150
154
158
-162
236
236
-154
236
237
237
-453
236
228
-193
174
-138
-160
226
236
210
-150
-155
-145
-178
-154
236
-138
236
210
221
236
236
-160
236
236
200
226
232
-171
226
-162
236
213
236
-145
168
-154
-180
236
236
-211
-145
204
236
236
-160
-146
182
-160
232
-157
235
208
237
122
236
226
236
-350
-192
196
-150
-173
236
-171
-145
-145
237
236
-150
236
230
-138
230
-154
-399
222
236
236
-208
236
-150
-218
-145
-145
-204
6
236
-160
-225
-190
-138
-204
-145
-160
208
-176
236
-162
-150
210
-340
173
-160
236
219
236
209
236
228
236
236
-138
237
213
236
78
167
-183
-138
216
60
236
236
236
-168
236
182
-178
232
-150
210
212
-190
237
236
210
236
236
225
-200
-461
183
-162
-138
218
236
236
-245
236
-145
236
228
230
126
-150
223
210
-138
-190
-154
-145
-150
236
-214
-162
-154
236
-145
-168
236
-194
-154
236
-138
-160
209
-192
236
-173
-160
210
228
194
-150
236
232
236
215
206
-169
236
210
237
236
-160
208
-140
-188
162
236
-138
-178
-162
236
229
237
182
222
236
-164
-162
-154
-182
156
-154
-150
-162
210
182
232
236
236
-138
-227
-138
-180
147
-168
-168
-162
222
236
236
-160
210
182
-168
-164
182
-157
212
222
237
103
-213
-150
236
-138
-137
-150
236
-150
222
158
230
182
236
-160
236
236
236
210
-157
182
236
223
237
223
-138
230
182
236
-168
236
-174
208
-145
236
236
-150
182
-145
51
-178
-150
-182
237
-165
236
235
236
236
236
220
-227
-164
153
-154
-150
230
203
-138
-160
-150
-160
182
212
237
-170
-166
183
-204
236
236
234
229
-145
-162
228
-176
-160
-150
-160
236
-170
-160
236
230
236
-174
-150
-150
222
-153
-192
220
-138
-145
-140
-242
236
236
236
-162
-164
138
-176
92
236
-160
236
236
-160
-174
-162
237
228
236
227
164
-196
236
-145
236
-138
-171
236
-138
226
-228
-145
-165
-154
-145
-173
-174
-166
230
232
182
-260
-160
-145
236
236
-138
-150
-162
-150
236
-184
-154
236
-157
-138
237
-145
-159
-138
-138
211
-218
232
182
-176
-199
-157
-157
-154
236
230
236
236
-138
-182
226
236
227
236
236
236
-166
-138
-150
-138
236
-138
182
236
85
-174
-192
184
229
145
-171
210
-157
236
212
230
-150
154
235
-208
-8
-183
-192
-170
-154
-154
162
-211
-174
-168
-154
-150
236
-160
236
-164
236
-166
-145
236
-150
236
236
236
236
182
-150
236
236
-160
-145
234
-150
236
-176
237
236
226
-162
236
-158
-173
-160
226
220
212
236
-191
236
232
-182
236
-170
-174
-180
-194
236
-186
182
150
182
-197
236
236
232
-210
-160
-160
236
-186
236
236
-160
-160
158
200
-145
-192
-150
-164
-157
-172
-217
-169
-461
-145
226
200
-28
-246
-239
-138
-325
-421
10
-138
-275
-181
-271
-193
161
236
-150
236
236
235
-145
235
-228
-394
115
236
227
168
230
-210
74
236
235
-138
228
236
236
234
-374
228
-242
236
-178
224
212
236
236
-188
-183
-162
236
182
188
-145
-162
202
229
-154
236
236
236
141
190
236
-125
209
149
-162
-171
-153
236
-154
-145
94
-150
226
182
234
236
-154
-157
-138
-296
236
236
236
237
236
184
-206
236
236
231
-150
-165
226
236
236
-160
-154
-160
-163
236
-154
-145
-209
236
234
234
213
231
-166
-168
236
-145
-162
236
-166
229
-138
-166
236
-160
-169
-145
164
-160
112
236
236
236
208
-162
236
236
228
236
-150
-185
236
-138
-154
-138
236
-160
-199
-162
222
-178
-138
-145
-154
-138
237
-174
-145
236
-150
226
236
236
236
-197
-150
5
-154
-164
230
-154
236
210
132
203
-159
210
-246
-145
212
237
236
204
-154
208
180
212
-170
-202
236
226
213
182
236
236
-208
237
-138
226
225
-180
236
-160
237
214
230
236
236
-145
-145
154
237
236
236
200
-262
226
236
189
216
236
236
-138
-138
-170
236
158
182
-138
234
-138
-186
236
236
236
-184
130
-162
236
-164
229
224
212
236
-138
-327
228
-171
237
-192
209
-157
216
237
-155
236
236
232
-160
212
200
237
196
-138
-138
210
-157
-145
-157
236
236
-162
-145
236
-167
236
-138
230
236
-234
-154
-188
202
-154
-174
222
237
-162
-145
-145
-150
-168
236
-150
-168
-182
230
-209
-286
-186
182
236
236
236
220
237
-170
131
212
-197
236
138
226
226
225
236
209
-159
-138
208
-145
-159
32
-157
-145
-241
-138
-155
236
236
236
236
-176
230
-154
212
236
212
-144
236
-216
231
-150
-145
-150
222
-188
236
-145
236
236
182
235
236
-138
-150
-145
-162
236
-171
-188
236
218
236
-178
231
-150
210
-173
212
236
230
-145
-160
226
232
-145
-154
236
-309
236
-138
222
232
-138
-138
236
-150
-162
-159
236
-208
-204
-174
-164
237
-138
-185
-228
-150
237
-138
-154
-145
236
-145
-160
-169
-171
-154
236
236
-138
-166
-154
128
135
236
222
-150
-150
-162
236
-216
-138
180
220
222
210
230
-187
236
-309
-138
230
237
154
-160
236
236
-160
236
235
236
236
-173
-160
-160
236
129
236
-138
212
236
227
230
115
-159
-162
236
-162
208
236
236
-154
236
236
228
