19.7413 13.2589 63.8093
34.2825 -28.8091 -100.0000
-54.9852 7.9572 -100.0000
-14.2274 42.3278 -100.0000
75.7744 31.2590 -87.7422
51.5974 24.0315 -100.1175
12.3070 66.6292 -26.9261
45.1129 50.8403 84.8726
-106.5904 -107.2277 -91.4885
-97.8201 -99.0211 -97.8496
-96.9087 -95.5466 -39.3406
-92.5871 -98.4224 -96.6719
-82.9623 -90.2205 -80.0537
-84.2280 -84.2015 -98.7959
-80.8176 -80.8607 -99.3417
-77.6570 -77.5346 -76.9558
-72.1153 -72.7357 -97.7726
-68.8426 -68.8467 -99.9490
-65.6362 -65.6529 -70.5998
-65.3660 -75.4683 -63.6692
-53.2817 -51.6794 -49.8353
-50.4132 -50.4135 -60.5599
-53.4974 -53.3777 -54.3279
-57.8847 -53.6742 -53.6489
-44.3335 -44.3589 -98.5295
-42.7393 -42.7360 -97.5507
-40.3226 -40.3507 -49.6776
-38.3976 -38.4950 -38.6440
-30.1563 -30.0056 -29.5646
-31.7786 -31.7812 -31.7638
-31.9079 -31.9445 -31.9480
-32.4976 -32.4488 -32.4791
-21.3321 -24.1192 -79.5001
-22.7162 -22.7112 -91.7783
-20.9425 -20.8748 -37.5893
-20.3161 -20.5347 -8.6887
-8.8429 -17.0512 -74.4055
-16.5055 -16.5077 -16.9198
-15.5992 -14.6004 -15.6993
-16.1510 -16.2871 21.6307
-8.8406 -11.5096 -56.7071
-11.3707 -11.4108 -11.5810
-11.7038 -6.8383 -47.5674
-12.1997 -12.6060 67.5271
8.1290 -4.2790 -29.1768
-3.9509 18.0066 -4.8750
-2.6056 4.6760 197.7086
139.1615 -5.2933 -56.1400
-1.3117 148.5949 -12.5629
3.7791 210.4240 -70.4620
25.2117 1.2542 248.1016
52.4082 -3.6953 -64.6605
296.8874 264.0032 101.8206
153.0576 286.8042 -25.7815
108.0629 294.5379 40.1467
227.9668 294.7925 263.7056
-61.7395 -59.1539 -58.7114
-59.5383 -59.4784 -68.1133
-62.0508 -62.0913 -98.9438
-64.5517 -64.4881 -99.9989
-41.9548 -41.8487 -41.2989
-42.9970 -42.9893 -44.1033
-45.1901 -45.1815 -96.2795
-46.9953 -46.9503 -99.9029
-28.2265 -28.1883 -26.6859
-27.7191 -27.7242 -27.6777
-28.8281 -28.8663 -86.6061
-30.1300 -30.1239 -78.8203
85.2093 8.2052 -76.3993
44.4871 -24.9523 -55.8870
2.7774 83.6714 -94.6913
63.8705 63.7209 95.7841
116.4940 51.1592 -76.9009
7.7919 77.5855 -47.1068
50.3744 116.3591 -93.9800
97.8923 100.1690 120.8486
147.3098 90.5866 -78.2939
101.3627 71.6243 28.0172
89.9846 145.2903 -88.9620
126.8074 128.7480 157.7360
178.9477 124.5087 -72.4179
132.0586 85.5433 44.0331
124.8785 177.0459 -87.8869
159.6571 161.2140 189.3344
203.8560 199.6167 222.4412
213.2287 148.2768 106.0759
162.8674 209.4828 -83.7189
196.1329 218.2739 -100.0000
233.7035 233.0888 262.6925
250.1311 139.4120 -55.3348
198.5848 65.1744 43.3564
114.6693 250.5697 -76.2852
285.4828 266.3638 295.6803
289.5370 25.3692 -17.5684
157.1713 5.5092 8.8322
35.4829 55.6675 292.9995
